0.621145157615
0.737298900852
0.737298900852
0.737298900852
0.737298900852
0.842460441617
0.842460441617
0.842460441617
0.842460441617
0.842460441617
0.842460441617
0.842460441617
0.842460441617
0.926639686951
0.926639686951
0.926639686951
0.926639686951
0.926639686951
0.926639686951
0.926639686951
0.926639686951
0.926639686951
0.926639686951
0.926639686951
0.981132640528
0.981132640528
0.981132640528
0.981132640528
0.981132640528
0.981132640528
0.981132640528
0.981132640528
0.981132640528
0.981132640528
0.981132640528
0.981132640528
0.981132640528
0.981132640528
0.981132640528
0.981132640528
0.981132640528
0.981132640528
0.981132640528
0.981132640528
0.981132640528
0.981132640528
0.981132640528
0.981132640528
1.0
1.0
1.0
1.0
1.0
1.0
1.0
1.0
1.0
1.0
1.0
1.0
1.0
1.0
1.0
1.0
1.0
1.0
1.0
1.0
1.0
1.0
1.0
1.0
1.0
1.0
1.0
1.0
1.0
1.0
1.0
1.0
1.0
1.0
1.0
1.0
1.0
1.0
1.0
1.0
1.0
1.0
1.0
1.0
1.0
1.0
1.0
1.0
1.0
1.0
1.0
1.0
