0.791889566337
0.887765525207
0.887765525207
0.887765525207
0.887765525207
0.887765525207
0.887765525207
0.887765525207
0.958048244326
0.958048244326
0.958048244326
0.958048244326
0.958048244326
0.958048244326
0.958048244326
0.958048244326
0.958048244326
0.958048244326
0.958048244326
0.958048244326
0.958048244326
0.958048244326
0.958048244326
0.995249415131
0.995249415131
0.995249415131
0.995249415131
0.995249415131
0.995249415131
0.995249415131
0.995249415131
0.995249415131
0.995249415131
0.995249415131
0.995249415131
0.995249415131
0.995249415131
0.995249415131
0.995249415131
0.995249415131
0.995249415131
0.995249415131
0.995249415131
0.995249415131
0.995249415131
0.995249415131
0.995249415131
0.995249415131
1.0
1.0
1.0
1.0
1.0
1.0
1.0
1.0
1.0
1.0
1.0
1.0
1.0
1.0
1.0
1.0
1.0
1.0
1.0
1.0
1.0
1.0
1.0
1.0
1.0
1.0
1.0
1.0
1.0
1.0
1.0
1.0
1.0
1.0
1.0
1.0
1.0
1.0
1.0
1.0
1.0
1.0
1.0
1.0
1.0
1.0
1.0
1.0
1.0
1.0
1.0
1.0
