0.981132640528
0.981132640528
0.981132640528
0.981132640528
0.981132640528
0.981132640528
0.981132640528
0.981132640528
0.981132640528
0.981132640528
0.981132640528
0.981132640528
0.981132640528
0.981132640528
0.981132640528
0.981132640528
0.981132640528
0.981132640528
0.981132640528
0.981132640528
0.981132640528
0.981132640528
0.981132640528
0.981132640528
0.981132640528
1.0
1.0
1.0
1.0
1.0
1.0
1.0
1.0
1.0
1.0
1.0
1.0
1.0
1.0
1.0
1.0
1.0
1.0
1.0
1.0
1.0
1.0
1.0
1.0
1.0
1.0
1.0
1.0
1.0
1.0
1.0
1.0
1.0
1.0
1.0
1.0
1.0
1.0
1.0
1.0
1.0
1.0
1.0
1.0
1.0
1.0
1.0
1.0
1.0
1.0
1.0
1.0
1.0
1.0
1.0
1.0
1.0
1.0
1.0
1.0
1.0
1.0
1.0
1.0
1.0
1.0
1.0
1.0
1.0
1.0
1.0
1.0
1.0
1.0
1.0
